100
959.28
335.7
289.202
260.282
227.963
222.258
202.507
183.499
174.615
169.803
150.46
149.373
142.695
135.668
132.694
128.281
124.901
123.212
119.207
117.464
112.648
112.361
110.068
109.783
106.912
104.288
103.289
102.442
100.822
100.224
99.4933
98.1115
97.6221
96.3866
95.1889
94.5993
94.0007
92.9791
92.2374
91.8553
91.2971
90.3153
89.7395
89.103
88.8732
88.3975
87.7033
87.3211
86.8242
86.4734
85.8975
85.7615
85.4723
85.2694
84.7309
84.2779
84.1873
83.7824
83.0757
83.0488
82.5801
82.0794
81.5736
81.4921
81.367
80.9196
80.8017
80.6422
80.491
80.1031
79.8005
79.5847
79.3019
79.0869
78.8025
78.4454
78.3071
77.9744
77.6787
77.1968
76.9776
76.6638
76.6226
76.4945
76.3022
76.0873
75.9901
75.4834
75.2884
75.1717
74.9266
74.5075
74.4122
74.2939
74.0276
73.9251
73.6866
73.5455
73.2339
73.0205
